[
    0.5653901680746647,
    0.342006047714686,
    0.6015382254533292,
    0.23331629754312,
    0.3827274931338953,
    0.13111881928375024,
    0.3827274931338953,
    0.13111881928375024,
    0.12573353999376535,
    0.3827274931338953,
    0.13111881928375024,
    0.09172217131770921,
    0.5482624446466133,
    0.6111797128541836,
    0.5127511711017008,
    0.5445217584786499,
    0.6111797128541836,
    0.5127511711017008,
    0.5445217584786499,
    0.4861670082084033,
    0.5445410592797562,
    0.5073178810845254,
    0.4289037191497991,
    0.5653901680746647,
    0.342006047714686,
    0.6015382254533292,
    0.23331629754312,
    0.8423362327302795,
    0.08240210684379279,
    0.21112727593410097,
    0.2179267363145485,
    0.10834004422050314,
    0.6877594722449254,
    0.8726972885277637,
    0.11299579757436162,
    0.603727501369345,
    0.5755835870397263,
    0.8421465001347166,
    0.895522192846844,
    0.9981461527359001,
    0.20946528732379366,
    0.640176345586895,
    0.32355329611382944,
    0.5434221598174327,
    0.5676937441418854,
    0.11937153561843705,
    0.4055193551086562,
    0.03533905014951366,
    0.6058784675570457,
    0.6597523963807981,
    0.11565782799976931,
    0.9462836120541602,
    0.6597523963807981,
    0.11565782799976931,
    0.9462836120541602,
    0.6560673767643825,
    0.04114374392604736,
    0.6083756940256089,
    0.7024971409127112,
    0.6847586068981515,
    0.19295384641724977,
    0.9519614491633388,
    0.8572056412947964,
    0.4926265882654097,
    0.8350226211647027,
    0.09058472370104842,
    0.7349939937056724,
    0.14400405426062846,
    0.7910333063710424,
    0.7956522879902856,
    0.49848049818431184,
    0.4848004319502417,
    0.7156644708925615,
    0.9827676046277611,
    0.9312923712612511,
    0.6517732977610144,
    0.5676791490423048,
    0.0013866684513270666,
    0.45635961268675773,
    0.39431119732164066,
    0.42932325498673474,
    0.8553288969840616,
    0.3213033552133393,
    0.3704500004599931,
    0.8156338764097733,
    0.5136141839408395,
    0.8998026502813956,
    0.7313339552452929,
    0.8270744750530903,
    0.4849234915460767,
    0.8654534155918441,
    0.9724799810674838,
    0.6161548759672089,
    0.3922716384476619,
    0.5668992112055693,
    0.6074781418933917,
    0.43393688169731504,
    0.4210184362353546,
    0.6533635424338424,
    0.4961384178741599,
    0.1373784520754946,
    0.33652592173786355,
    0.2728362310827568,
    0.8932164867143544,
    0.11824378334157215,
    0.7367667287766111,
    0.7056030139714309,
    0.5693690301795273,
    0.6553153407928713,
    0.24778032741965483,
    0.6900423951645187,
    0.997665576955707,
    0.14817373928791056,
    0.4441194139509872,
    0.5576990668670163,
    0.8593902753017149,
    0.2704066149838875,
    0.3496441546491651,
    0.7996192947190242,
    0.555581463055679,
    0.009022504451667412,
    0.860957540604731,
    0.2678248410679642,
    0.16557689876377846,
    0.2096498437908818,
    0.10477829217129075,
    0.674724640214734,
    0.8809681348202127,
    0.2730493586774905,
    0.7797428835125995,
    0.16856702108065158,
    0.3987107922649842,
    0.20159870324461493,
    0.13097069741559597,
    0.28579326585394904,
    0.0891850583613254,
    0.5603520061031011,
    0.5147352014280064,
    0.9856698442641272,
    0.13839606800438986,
    0.1996112969370718,
    0.7717243237346236,
    0.13097069741559597,
    0.28579326585394904,
    0.0891850583613254,
    0.022691887895056384,
    0.04675055710714515,
    0.661333162086271,
    0.1438210636476711,
    0.8414590782300464,
    0.11565782799976931,
    0.9462836120541602,
    0.6597523963807981,
    0.11980372962380281,
    0.1076507579469419,
    0.7960787783079439,
    0.7672996614882779,
    0.019853835320093438,
    0.2806925820309163,
    0.19907949377681877,
    0.8975769956196444,
    0.2757148228776034,
    0.759161636718314,
    0.6378207390756641,
    0.04931443071061592,
    0.8985942946127914,
    0.9083881387956383,
    0.2602637168725255,
    0.3660190066434157,
    0.4199052399147263,
    0.7548490725172425,
    0.17460543240580573,
    0.4864549120084194,
    0.06073860810652265,
    0.13097069741559597,
    0.28579326585394904,
    0.0891850583613254,
    0.31841336549348487,
    0.7937441921973523,
    0.8137885680869767,
    0.6389717724906179,
    0.8623159746772546,
    0.1973766450908212,
    0.5285175335800447,
    0.021782718759808306,
    0.3528287227051934,
    0.7705560450020816,
    0.6144769202796938,
    0.5517525473605838,
    0.8609555717965105,
    0.23615424948457386,
    0.3519036443997563,
    0.5074806099451994,
    0.5086020649463863,
    0.8785916432732495,
    0.033799936296325495,
    0.6611435716272189,
    0.9054986565192422,
    0.09315220701412663,
    0.14103744367718885,
    0.34193019768906807,
    0.647821764585665,
    0.3433816012561348,
    0.934194220738148,
    0.6788994171884539,
    0.9600546020901826,
    0.7649466525069661,
    0.4746593607541596,
    0.5683815683330862,
    0.9717065173963759,
    0.21638683888456223,
    0.3889937010564075,
    0.36130035321948784,
    0.19734430938489345,
    0.6226153306643496,
    0.9810140536964518,
    0.5305620299528795,
    0.5603313387850108,
    0.19907949377681877,
    0.8975769956196444,
    0.2757148228776034,
    0.759161636718314,
    0.6378207390756641,
    0.04931443071061592,
    0.8985942946127914,
    0.9083881387956383,
    0.2602637168725255,
    0.3660190066434157,
    0.4199052399147263,
    0.468064623461788,
    0.5248652787297314,
    0.667413277241218,
    0.696322157404607,
    0.30943779260075566,
    0.3486057092872872,
    0.770241478064984,
    0.12581333338620238,
    0.10696148801508532,
    0.5625212990378718,
    0.41047392899806545,
    0.9779676214272826,
    0.7082771240259835,
    0.9567173402301319,
    0.29774678382780273,
    0.3772316986002311,
    0.7069148534559049,
    0.34126478583372655,
    0.6113229393279698,
    0.8650698765847293,
    0.39900185502173824,
    0.775828062464279,
    0.9250504134253976,
    0.30084364455379164,
    0.5289970816666516,
    0.7853919283504323,
    0.48519792516686633,
    0.48735008107950817,
    0.013537527760757673,
    0.8197037793832966,
    0.22510575273150768,
    0.6738242227717577,
    0.03720779546893471,
    0.7275517134572413,
    0.22430974741771936,
    0.1227306855281507,
    0.856335161835537,
    0.7514388580124121,
    0.7749931649367865,
    0.21324529530195213,
    0.6843728272974308,
    0.45038496465725997,
    0.9533953854965282,
    0.64412309402694,
    0.3027273554095762,
    0.252947528547494,
    0.45376425683073274,
    0.8207787158723363,
    0.8805344437088152,
    0.45907691444552,
    0.7847066354268493,
    0.5860622131384252,
    0.6143825965166785,
    0.30022576805570256,
    0.5825939498449582,
    0.927637005469554,
    0.6275098142090858,
    0.8414712736539014,
    0.8994811301020464,
    0.11273886912863817,
    0.351778820430364,
    0.9553494091446524,
    0.6711947942618604,
    0.4616315557795523,
    0.9326032638808275,
    0.2038806288685684,
    0.886525657256513,
    0.9371607569836584,
    0.5654694576951551,
    0.47935855649915693,
    0.15413937578066972,
    0.6914819389463149,
    0.12367898684259337,
    0.6496726316349675,
    0.4513575781418826,
    0.7760542721804122,
    0.3250542758356605,
    0.784677668236949,
    0.69651081114835,
    0.7798854992879918,
    0.14559427680350212,
    0.7350708687714735,
    0.15202280856200878,
    0.3605812520403129,
    0.9200237473185848,
    0.17229778870079038,
    0.1182383121225028,
    0.6650300735493075,
    0.5762572474749763,
    0.5350809922710829,
    0.29213718404756195,
    0.5714689867913478,
    0.7457347393108098,
    0.502381047349781,
    0.9200210375458022,
    0.5603964200352218,
    0.539887777890697,
    0.374672574301699,
    0.49608262401978287,
    0.4603636659735162,
    0.9466209381073121,
    0.011194648836405863,
    0.3208560509010565,
    0.06822457981111985,
    0.4784001378229312,
    0.4181655645435811,
    0.9789355899829744,
    0.21242531014771093,
    0.043007347719860256,
    0.5742585278958583,
    0.53563071094556,
    0.013980042905560985,
    0.8365674450217846,
    0.5078732183881896,
    0.000009695144815191625,
    0.8659875838534796,
    0.53563071094556,
    0.013980042905560985,
    0.8365674450217846,
    0.27946230232678615,
    0.045638593607795874,
    0.13800508449690319,
    0.4816367580892893,
    0.10339763871285168,
    0.8276503918825324,
    0.33977766306530643,
    0.4005621539257689,
    0.0693512119788593,
    0.032876073907735615,
    0.3668258508038269,
    0.785409046603317,
    0.19096453679158776,
    0.3879106765343585,
    0.7268820897330128,
    0.655516802605139,
    0.9955437048356413,
    0.16090374446651912,
    0.8848096380998434,
    0.8387934104708941,
    0.4166411601785054,
    0.36241231897389037,
    0.5202058196370929,
    0.9689190545473152,
    0.3802834881887356,
    0.38684832786639745,
    0.3388817704158833,
    0.5675398877407991,
    0.034908748881403495,
    0.7346683916238865,
    0.6483802874589033,
    0.25123683816940456,
    0.041402332114412355,
    0.5225147973032702,
    0.5864107726476104,
    0.739091596990997,
    0.20451535258522502,
    0.30603513457401954,
    0.22583130180173416,
    0.09066359733290597,
    0.1894054555329563,
    0.5925920833784928,
    0.05418821149198849,
    0.9597589298388545,
    0.12088762532133246,
    0.05959664471711412,
    0.6092793393372047,
    0.891446285207353,
    0.8431746550306618,
    0.25659673771555846,
    0.23656388134464912,
    0.29069962693817275,
    0.7789007059801294,
    0.6386254050047588,
    0.5328282026996671,
    0.03812743856034051,
    0.29313704868868373,
    0.9369421811187519,
    0.9942293587772906,
    0.500703283325026,
    0.18996862230813227,
    0.4435242121204115,
    0.6697370905181277,
    0.39540025580516036,
    0.8310352689401102,
    0.6708195331680538,
    0.10058750970570984,
    0.22050249764970054,
    0.9772778580012373,
    0.27190989618197836,
    0.052729928303790974,
    0.6562092225524463,
    0.9651892620969946,
    0.49012317395574767,
    0.04530030580391142,
    0.17431835562525033,
    0.0692982927529775,
    0.6103556907582051,
    0.2505299811585957,
    0.6855313121858024,
    0.04888616682725355,
    0.015063837240401723,
    0.19022718067987876,
    0.36096923752097854,
    0.3624977097321158,
    0.016262414190542085,
    0.2602229241614691,
    0.9688807421999572,
    0.01531704957396074,
    0.4269495712063418,
    0.8153253486932386,
    0.8059362711577511,
    0.5157596594074498,
    0.2385348637067053,
    0.07959040136501017,
    0.026014707910500423,
    0.9939517885131417,
    0.01398277064318254,
    0.2322445840470615,
    0.21074545992320348,
    0.3592605988952502,
    0.9776020740682478,
    0.18535787556797678,
    0.5411279647097025,
    0.6381454498788588,
    0.32928448802195853,
    0.48937637094379105,
    0.389678870702169,
    0.05956149926596033,
    0.031619118945997116,
    0.6639563659524876,
    0.46341858397490565,
    0.9176001798989912,
    0.6569950824884621,
    0.6677185186285084,
    0.7591886224788842,
    0.1242503484161035,
    0.49590034941466055,
    0.9462021081852756,
    0.16961117444403895,
    0.36827940078738486,
    0.6356183102397452,
    0.9855715039857027,
    0.9647044725997753,
    0.31891481350765005,
    0.10675224476829559,
    0.054936441069104225,
    0.20985223398866326,
    0.012773301884759114,
    0.6811104531528149,
    0.9222665073971441,
    0.6810052529394788,
    0.700934880063206,
    0.538550327052308,
    0.7129754480766524,
    0.3615819680478398,
    0.02376054786227466,
    0.4035868932639639,
    0.9916060700152665,
    0.9034534086247898,
    0.7705234139290627,
    0.5735844005244037,
    0.21215955995891944,
    0.8499034033546669,
    0.9337929490978631,
    0.5239652026153074,
    0.5146813294514345,
    0.7397290136401655,
    0.9524525167929905,
    0.79150527910176,
    0.08482994733739879,
    0.6212344468188629,
    0.9456672038234708,
    0.2288420608007613,
    0.17084764095231586,
    0.4029034925868664,
    0.5471890869316025,
    0.9331506517823474,
    0.2009764097263258,
    0.1847314773388542,
    0.5486250595622582,
    0.6924972620325842,
    0.1415383932452663,
    0.33396300673950297,
    0.5162670563139422,
    0.29805333777377885,
    0.6976490593486773,
    0.44313556684428734,
    0.026060315438311443,
    0.8471705537424876,
    0.7365838749599689,
    0.5541555777562646,
    0.029836918661416467,
    0.3195063898841197,
    0.6650626641529627,
    0.587326220152814,
    0.8025325468776352,
    0.3456053749258856,
    0.4175354241898399,
    0.16619850325858887,
    0.3706119202691538,
    0.8848438965770455,
    0.09391136674003286,
    0.4093188728562609,
    0.34038557478963827,
    0.040797616171778905,
    0.8005874835095572,
    0.9350335792928803,
    0.9963874652717033,
    0.7585189130097683,
    0.09370138252003013,
    0.7441553377175849,
    0.04761250563779629,
    0.147359918354794,
    0.15063579382615178,
    0.08886904612718705,
    0.36551766738289326,
    0.25590456035635856,
    0.7314468209232359,
    0.079883209752863,
    0.44282971249457637,
    0.43566537399879457,
    0.9529565485108193,
    0.5630475340014827,
    0.5152122826327015,
    0.35782292874739974,
    0.3940051480373228,
    0.37702874828237687,
    0.5461714936110902,
    0.7035505023350663,
    0.17870605851514854,
    0.33111319570131914,
    0.7768799958828112,
    0.7164542848687143,
    0.1479491388159988,
    0.8429709996467609,
    0.6911843134476043,
    0.10865002727548223,
    0.7143039843030992,
    0.9172010755887277,
    0.2754010085801659,
    0.5936520377669934,
    0.7380081925498985,
    0.4127091479910343,
    0.6113463983784615,
    0.1577006417666602,
    0.21087378316890892,
    0.25571171791420144,
    0.298385527420163,
    0.2697216608081643,
    0.8154723465782747,
    0.28416858494482455,
    0.6287473703420425,
    0.6911324675396133,
    0.18462875454909944,
    0.9732174158731641,
    0.058843237098926915,
    0.49516708076340477,
    0.07685999688371625,
    0.4717338186126716,
    0.2358833956759263,
    0.5533565026884253,
    0.05309554765321778,
    0.3861310346516489,
    0.8619604948464028,
    0.45936701256373325,
    0.1608977913868972,
    0.14998513218012177,
    0.5653866082009202,
    0.7643132756676494,
    0.6304261621345939,
    0.36040905050031014,
    0.1901273492477351,
    0.7485747129199625,
    0.7579696537080951,
    0.8063909652542429,
    0.5041212502037444,
    0.3698130928924128,
    0.019777202559177143,
    0.1931476710114517,
    0.7714135577434684,
    0.7458432069517289,
    0.32032306190462845,
    0.16990831029260445,
    0.6804437447828935,
    0.27784845346425,
    0.6816519290102383,
    0.13188634591204362,
    0.616588481983922,
    0.9466787941094532,
    0.5498436555563906,
    0.9940841798224169,
    0.3713399384557474,
    0.4556262296679585,
    0.8653547718208745,
    0.4605858162043386,
    0.03468067970164568,
    0.9473516417451391,
    0.2826195593166445,
    0.4089998986601744,
    0.32032306190462845,
    0.16990831029260445,
    0.6804437447828935,
    0.27784845346425,
    0.9276436590999382,
    0.2659052335987171,
    0.9208282543466,
    0.2631872802909443,
    0.5194120612636615,
    0.31049520191472957,
    0.32032306190462845,
    0.16990831029260445,
    0.6804437447828935,
    0.27784845346425,
    0.6885410963237888,
    0.45355504913002886,
    0.5537603244216247,
    0.8758950354054449,
    0.40149891897636136,
    0.18236227722992782,
    0.6383243701692767,
    0.7671274289682717,
    0.4527125456070624,
    0.14100391586180372,
    0.034159108651921954,
    0.707765769952452,
    0.5703602058601633,
    0.5475424132758739,
    0.27579097109752504,
    0.07320092248243593,
    0.38735487640756694,
    0.3435623824615792,
    0.019911073968573723,
    0.45252217408238304,
    0.018863969520493518,
    0.8394567528350931,
    0.18022918518171194,
    0.6995530481513601,
    0.3987224079400147,
    0.8639788665651758,
    0.1311727290372422,
    0.652577681332529,
    0.2268046408803559,
    0.9818427731174773,
    0.9489120485929219,
    0.2268046408803559,
    0.9818427731174773,
    0.9489120485929219,
    0.2268046408803559,
    0.9818427731174773,
    0.9489120485929219,
    0.9651153081215766,
    0.7096548901497373,
    0.5815146967729437,
    0.09439780999616776,
    0.3907508742925674,
    0.0711784875506214,
    0.8325351043927278,
    0.8874279429289544,
    0.2268046408803559,
    0.9818427731174773,
    0.9489120485929219,
    0.017727593707217215,
    0.1743922228291599,
    0.9845011030073172,
    0.7506998854241977,
    0.5187070038745734,
    0.42406095956406853,
    0.6727503857101991,
    0.11823151956576128,
    0.7894806230434239,
    0.8923722729921706,
    0.5579897913586993,
    0.9980235797495813,
    0.6880527443755895,
    0.3045899880307499,
    0.9318026394308088,
    0.583962823289353,
    0.13091675679600545,
    0.48708245544617923,
    0.22523217117545902,
    0.9366991123281319,
    0.5205250173495997,
    0.5448275664589866,
    0.9264262779955998,
    0.2436122112248542,
    0.025808553175134863,
    0.9685094129346998,
    0.41408557976435767,
    0.39725005266492786,
    0.5867589234958088,
    0.302014678177019,
    0.6476233595454421,
    0.37538081803894086,
    0.25423163398113546,
    0.8930425371870072,
    0.17925674114789136,
    0.4669351274874409,
    0.6443251364846299,
    0.9927488776735436,
    0.08063820677158451,
    0.6119958712584534,
    0.05688053672300941,
    0.49244283708055403,
    0.10665982021820009,
    0.1768695451789113,
    0.40516696121048645,
    0.9360377507937598,
    0.9880321570504318,
    0.07682442706808201,
    0.8472304603220033,
    0.643311075863843,
    0.8453248311763841,
    0.8780287038853127,
    0.46982148331776297,
    0.16338189753045995,
    0.9238596843049744,
    0.615047376665929,
    0.6206537406301236,
    0.580326389057203,
    0.5406984687294802,
    0.3333174342682801,
    0.295619318528503,
    0.2508146012197756,
    0.701612081386054,
    0.3987053137831189,
    0.8531061484974642,
    0.2956129274565513,
    0.4762596972942448,
    0.9071016136853749,
    0.42847835850876437,
    0.6932320841313311,
    0.7004890961475709,
    0.2211952481969346,
    0.9112999898965313,
    0.4690669374505856,
    0.9817772405435359,
    0.2508146012197756,
    0.701612081386054,
    0.3987053137831189,
  ]
